n = 6
r = 1.0 r = 2.0 r = 10.0 r = 100.0 r = 1000.0 r = 10000.0 lambda = 0
epsilon = 0.001
x0 = [0.21739130434782616, 0.17391304347826086]
P(x0,lambd0,r0) = 0.07655954631379956
Функция: 3x1^2 + x2^2 - x1*x2 + x1
k = 0
H = 3.0, 2.0, 
    2.0, 9.0
Выполняется достаточное условие
r0 = 1.0
lambda0 = -0.608695652173913
x0 = [0.4026465028355388, 0.2003780718336484]
Точка минимума x* = (0.4026465028355388, 0.2003780718336484)
Значение функции в точке минимума f(x*) = 0.8450691642754281
